function [initial_solution, KVnz]=load_initial_solution()

gm=3;
vpmax=124.1280;
vcmax=49.919;
factorvp=0.7200;
factorvc=0.6700;
ki=0.127;
kd=0.123;
%%
%Km Ki(mM)
%4.2.1.1        1
KmCO2_1 = 2.8;%2.8;  
% Ke_1 =11.2;%20;%;% No unit  k=4.3*10^(-7)  PH=7.5 13.6 11.82
%4.1.1.31       2 %KmHCO3_2 =0.05 KmPEP_2 =0.047
% 
KmPEP_2 =0.1; KmHCO3_2 =0.02;  Kimal_2 =15;  Kimal_2n=1.5;
%%%%%WY202003 Maize KmHCO3_2 =0.04216; KmPEP_2 =1;   Kimal_2 =15; 
%KmPEP_2 =0.038; 
%1.1.1.82       3
KmNADPH_3 =0.024;  KmOAA_3 =0.056;  KmNADP_3 =0.073;  Kmmal_3 =32.0;  
% Ke_3 =4450.0; % No unit
%1.1.1.40       4 Kmmal_4 =0.04;
KmCO2_4 =1.1;  KmNADP_4 =0.0080;  KmNADPH_4 =0.045;  KmPyr_4 =3;  Kmmal_4 =0.23;  % Ke_4 =0.051*55.35*1000;%0.0344 KmNADP_4 =0.008
%2.7.9.1        5 KiPEP_5 =0.5;
KiPEP_5 =0.15;  KmATP_5 =0.082;  KmPyr_5 =0.082;% KmPyr_5 =0.25
%4.1.1.39       6  KiPGA_6 =0.84; KiFBP_6 =0.4;
KmCO2_6 =0.0162;  KmO2_6 =0.183;  KmRuBP_6 =0.02;  KiPGA_6 =2.52;  KiFBP_6 =0.04;  KiSBP_6 =0.075;  KiPi_6 =0.9*3;  KiNADPH_6 =0.07*3;%KiNADPH_6 =0.07;KiPi_6 =0.9

%2.7.2.3        7
% KmADP_7 =0.5;  KmATP_7 =0.3;  KmPGA_7 =2.4;%1.2;%KmPGA_7 =0.24
%1.2.1.13       8
% KmDPGA_8 =0.4;  KmNADPH_8=0.1;

% Changed to 
KmPGA_78=5; KmATP_78=0.3; KmNADPH_78=0.1;

%5.3.1.1        9
% Ke_9=0.05;    
%4.1.2.13FBP    10
KmDHAP_10 =0.45;  KmFBP_10 =0.0923;  KmGAP_10 =0.04;  %KmGAP_10 =0.3; 
% Ke_10 =7.1; % 1/millimolarity
%3.1.3.11       11 KmFBP_11 =0.033; Chloroplast fructose-1,6-bisphosphatase
%from Oryza differs in salt tolerance property from the Porteresia enzyme
%and is protected by osmolytes  Ghosh, S.; Bagchi, S.; Lahiri Majumder, A.;Plant Sci. 160, 1171-1181 (2001)
KiF6P_11 =0.7;  KiPi_11 =12.0;  KmFBP_11 =0.066;  % Ke_11 =666000.0;
%4.1.2.13SBP    12
KmDHAP_12 =0.4;  KmE4P_12 =0.2;  
% Ke_12 =1.017;  % 1/millimolarity
%3.1.3.37       13
KiPi_13 =12.0;  KmSBP_13 =0.05;  % Ke_13 =666000.0;
%2.2.1.1X       14 Datta, A.G.; Racker, E.; J. Biol. Chem.; 236, 617 (1961). 
KmE4P_14 =0.1;  KmF6P_14 =0.1;  KmGAP_14 =0.1;  KmXu5P =0.1;  
% Ke_14 =0.084;  % No unit Ke_14 =10.0£»Ke_14 =0.076
%2.2.1.1R       15
KmGAP_15 =0.072;  KmRi5P_15 =1.5;  KmS7P_15 =0.015;  KmXu5P_15 =0.1;  % KmS7P_15 =0.015  KmS7P_15 =0.46
% Ke_15 =0.9;%1.176470588235294;  % No unit Datta, A.G.; Racker, E.; J. Biol. Chem.; 236, 617 (1961). 
%5.3.1.6:Chl    16
% Ke_16=0.4;
%5.1.3.1:Chl    17
% Ke_17=0.67;
%2.7.1.19       18 % KiPGA_18 =1.0;  KiPi_18 =1.0; KmATP_18 =0.059;KmATP_18=0.625
KiADP_18 =2.5;  Ki_ADP_18 =0.4;  KiPGA_18 =2.0;  KiPi_18 =4.0;  KiRuBP_18 =0.7;  KmATP_18 =0.625;  KmRu5P_18 =0.05; % KiPi_18 =4.0; 
% Ke_18 =6846.0; % No unit

% %2.7.2.3:MChl  7Mchl
% KmADP_7Mchl =0.5;  KmATP_7Mchl =0.3;  KmPGA_7Mchl =2.4;
% %1.2.1.13:MChl   8Mchl
% KmDPGA_8Mchl =0.4;  KmNADPH_8Mchl =0.1;  
KmPGA_78Mchl=5; KmATP_78Mchl=0.3; KmNADPH_78Mchl=0.1;
%StarchSynthesis:Chl   Starchsyn  KmG1P_Starch =0.24;  KaF6P_Starch =0.06;
%KaFBP_Starch =0.06;
% KiADP_Starch =10.0;  KmATP_Starch =0.08;  KmG1P_Starch =0.48;  KaF6P_Starch =0.12;  KaFBP_Starch =0.12; KaPGA_Starch =0.3;% Ka (No unit)KmG1P_Starch =0.08;  KaF6P_Starch =0.02;  KaFBP_Starch =0.02; KaPGA_Starch =0.1
% Ke_Starch1=2.3;   Ke_Starch2=0.058;
%PGASink
KmPGA_PGASink=1;%0.5;

%4.1.2.13FBP:Cel    Suc1
KmDHAP_Suc1 =0.45;  KmGAP_Suc1 =0.04/2;  KmFBP_Suc1 =0.0023;   %KmDHAP_Suc1 =0.4;  KmGAP_Suc1 =0.1;  KmFBP_Suc1 =0.2;
% Ke_Suc1 =12;%12.0; 10000 % 1/millimolarity
%3.1.3.11:Cel    Suc2 KiF26BP_Suc2 =7.0E-5;KmFBP_Suc2 =0.165;Ke_Suc2=6663.0
%Roles of the residues Lys115 and Tyr116 in the binding of an allosteric inhibitor AMP to pea cytosolic D-fructose-1,6-bisphosphatase
%Jang, H.; Cho, M.; Kwon, Y.; Bhoo, S.H.; Jeon, J.; Hahn, T.; J. Appl. Biol. Chem. 51, 45-49 (2008)
KiF26BP_Suc2 =0.00007;  KiF6P_Suc2 =0.7;  KiPi_Suc2 =12.0;  KmFBP_Suc2 =0.00108;  % Ke_Suc2 =174.0;
%5.3.1.9:Cel    Suc5
% Ke_Suc5=2.3;
%5.4.2.2:Cel    Suc6
% Ke_Suc6=0.0584;
%2.7.7.9:Cel    Suc7
KmG1P_Suc7 =0.14;  KmPPi_Suc7 =0.11;  KmUDPG_Suc7 =0.12;  KmUTP_Suc7 =0.1;  
% Ke_Suc7 =0.31;%0.31; % No unit
%2.4.1.14:Cel   Suc8
KiFBP_Suc8 =0.8;  KiPi_Suc8 =5.0;  KiSuc_Suc8 =50.0;  KiSucP_Suc8 =0.4;  KiUDP_Suc8 =0.7;  KmF6P_Suc8 =0.8;  KmUDPG_Suc8 =1.3;  
% Ke_Suc8 =10.0;  % No unit
%3.1.3.24:Cel     Suc9
KmSuc_Suc9 =80.0;  KmSucP_Suc9 =0.35;  % Ke_Suc9 =780.0;
%SUCSink:Cel   Suc10
KmSuc_Suc10 =1.5;
%2.7.1.105:Cel     Suc3
KiADP_Suc3 =0.16;  KIDHAP_Suc3 =0.7;  KmATP_Suc3 =1.32;  KmF26BP_Suc3 =0.021;  KmF6P_Suc3 =1.4;  
% Ke_Suc3 =590.0;% No unit
%3.1.3.46:Cel    Suc4
KiF6P_Suc4 =0.1;  KiPi_Suc4 =0.5*10;  KmF26BP_Suc4= 0.032; 
%3.6.1.1:Cel 
% KePi=128.4;
%3.6.3.14:MChl   ATPM
KmADP_ATPM =0.014;  KmATP_ATPM =0.11;  KmPi_ATPM =0.3;
% Ke_ATPM =5.734;        %1/millimolarity
% global Xd;%0.667
X =0.667;  Y =0.6;  F =0.7225;  Q =0.9;  D =1;% No unit
%1.18.1.2:MChl  NADPHM
KmNADP_NADPHM =0.05;  KmNADPH_NADPHM =0.058; % KmNADP_NADPHM =0.0072;  KmNADPH_NADPHM =0.0058;  
E =0.5; % No unit  % Ke_NADPHM =502; 
%V3.6.3.14:Chl       ATPB
KmADP_ATPB =0.014;  KmPi_ATPB =0.11;   KmATP_ATPB =0.3;
% Ke_ATPB =5.734; % 1/millimolarity
G =0.667; % No unit
%1.18.1.2:BChl  NADPHB
KmNADP_NADPHB =0.05;  KmNADPH_NADPHB =0.058;  
% Ke_NADPHB =502;  % No unit

%4.1.1.39 O2 1
%KmCO2_6 =0.01935;  KmO2_6 =0.222;  KmRuBP_6 =0.02;  KiPGA_6 =2.52; KiFBP_6 =0.8;  KiSBP_6 =0.75;  KiPi_6 =0.9;  KiNADPH_6 =0.07;
KmCO2_PR1=0.0162;  KmO2_PR1=0.183;  KmRuBP_PR1=0.02;  KiPGA_PR1=2.52;  KiFBP_PR1=0.04;  KiSBP_PR1=0.75;  KiPi_PR1=0.9*3;  KiNADPH_PR1=0.21;
%3.1.3.18 2
KmPGCA_PR2=0.026;  KiPI_PR2=2.55;  KiGCA_PR2=94.0;%KmPGCA_PR2=0.026; 0.57
%1.1.3.15 3
KmGCA_PR3= 0.1;%KmGCA_PR3= 0.1;0.02
%2.6.1.4 4
KmGOA_PS4=0.15;  KmGLU_PS4= 1.7;  KiGLY_PS4=2.0; % Ke_PS4= 607.0;
%GLY_SER:Mit 5
KmGLY_PS5= 6.0;  KiSER_PS5=4.0;
%2.6.1.45 6
KmGOA_PR6=0.15;  KmSER_PR6=2.7;  KmGLY_PR6=33.0; % Ke_PR6= 0.24;
%1.1.1.29 7
KiHPR_PR7= 12.0;  KmHPR_PR7=0.09; % Ke_PR7= 250000.0;
%2.7.1.31 8
KmATP_PR8= 0.21;  KmGCEA_PR8=0.25;  KiPGA_PR8=0.72;% Ke_PR8= 300.0; KmATP_PR8= 0.21;  KmGCEA_PR8=0.25;  KiPGA_PR8=0.36;
%Tgca 9
KmGCA_PR9= 0.2;  KiGCEA_PR9= 0.22;
%Tgcea 10
KmGCEA_PR10= 0.39;  KiGCA_PR10= 0.28;

% Transport coeffcient (1/second)
% Voaa =1.5;
% Vmal =1.5;
% Vpyr =1.5;
% Vpep =1.5;
% Vt =1.5;
% Vleak=1;
% Vpga=2;

KmPGA_62 = 0.08; 
KmPEP_62 = 0.3;
% Ke_62=0.4302;%G66 = +0.5; 



%%%%%%%%%%%%%%%%%%% new parameters %%%%%%%%%%%%%%%%%%%%

Km_OAA_M=0.053;  
Kimal_OAA_M=7.5;  
Km_MAL_M=0.5;
KiOAA_MAL_M=0.3;%0.3;
Km_MAL_B=1;
Km_PYR_B=0.1;
Km_PEP_M=0.5;
Km_PYR_M=0.1;


Kcat_EA_PPDKRP_I= 1.125; % s-1
Kcat_EA_PPDKRP_A= 0.578; % s-1
% inactivation
Km_EA_PPDKRP_I_ADP=0.052; %mM
Ki_EA_PPDKRP_I_Pyr=0.08;
Km_EA_PPDKRP_I_E=0.0012;
% activation
Km_EA_PPDKRP_A_Pi= 0.65;
Ki_EA_PPDKRP_A_AMP=0.4;
Km_EA_PPDKRP_A_EP=0.0007;
Ki_EA_PPDKRP_A_ADP=0.085;
Ki_EA_PPDKRP_A_PPI=0.16;


KaPGA_Sta1=0.2;%0.2252;
KmG1P_Sta1=0.06;%0.06;
KmATP_Sta1=0.12;%0.18
KIAPi_ATP_Sta1=2.96;
KmPPi_Sta1=0.033;
KICPP1_ATP_Sta1=13.8E-4;
KmADPG_Sta1=0.24;
KIAADP_ATP_Sta1=2.0;
% Ke_Sta1=1.1;

%  3.6.1.1
KmPPi_Sta2=0.154;
% Ke_Sta2=15700.0;

%  2.4.1.21
KmADPG_Sta3=0.077;

%
% Hexose phosphate, includes F6P, G6P, and G1P
Kmpi_hexp=1.5;
Kmhexp_hexp=1;%1/5;%WY20/02
%KmATP_hexp=0.8;
Vm_Hep=0.0005;

% TPT transport
KmPGA_B = 2; 
KmGAP_B =2; 
KmDHAP_B =2; 

KmPGA_M =2; 
KmGAP_M =2; 
KmDHAP_M = 2; 

KValue=zeros(48,8);
KValue(1,1)=KmCO2_1;  % KValue(1,2)=Ke_1;
KValue(2,1)=KmHCO3_2;  KValue(2,2)= KmPEP_2;   KValue(2,3)=Kimal_2; KValue(2,4)=Kimal_2n;
KValue(3,1)=KmNADPH_3;  KValue(3,2)=KmOAA_3;  KValue(3,3)=KmNADP_3;  KValue(3,4)=Kmmal_3;  % KValue(3,5)=Ke_3;
KValue(4,1)=KmCO2_4;  KValue(4,2)=KmNADP_4;  KValue(4,3)=KmNADPH_4;  KValue(4,4)=KmPyr_4;  KValue(4,5)=Kmmal_4;  % KValue(4,6)=Ke_4;
KValue(5,1)=KiPEP_5;  KValue(5,2)=KmATP_5;  KValue(5,3)=KmPyr_5;
KValue(6,1)=KmCO2_6;  KValue(6,2)=KmO2_6;  KValue(6,3)=KmRuBP_6;  KValue(6,4)=KiPGA_6;  KValue(6,5)=KiFBP_6;  KValue(6,6)=KiSBP_6;  KValue(6,7)=KiPi_6;  KValue(6,8)=KiNADPH_6;
% KValue(7,1)=KmADP_7;  KValue(7,2)=KmATP_7;  KValue(7,3)=KmPGA_7;
